-0.000000
0.078921
0.027551
-0.070361
-0.052847
0.053647
0.073594
-0.029678
-0.087489
0.000000
0.092361
0.033061
-0.086436
-0.066347
0.068707
0.095976
-0.039338
-0.117649
0.000000
0.127155
0.045939
-0.121036
-0.093490
0.097297
0.136420
-0.056061
-0.167934
0.000000
0.181613
0.065560
-0.172480
-0.132958
0.138026
0.192960
-0.079035
-0.235901
0.000000
0.253089
0.090970
-0.238268
-0.182833
0.188916
0.262850
-0.107143
-0.318248
-0.000000
0.338109
0.120934
-0.315204
-0.240690
0.247493
0.342692
-0.139021
-0.410972
0.000000
0.432541
0.153998
-0.399547
-0.303720
0.310910
0.428607
-0.173116
-0.509568
-0.000001
0.531796
0.188553
-0.487200
-0.368859
0.376086
0.516418
-0.207778
-0.609244
0.000002
0.631052
0.222917
-0.573905
-0.432937
0.439856
0.601861
-0.241313
-0.705156
0.000000
0.725484
0.255428
-0.655445
-0.492847
0.499116
0.680782
-0.272097
-0.792644
-0.000002
0.810503
0.284496
-0.727858
-0.545671
0.550988
0.749343
-0.298633
-0.867455
-0.000004
0.881979
0.308725
-0.787630
-0.588855
0.592957
0.804222
-0.319638
-0.925957
0.000000
0.936436
0.326915
-0.831852
-0.620281
0.622980
0.842739
-0.334085
-0.965302
0.000005
0.971231
0.338193
-0.858369
-0.638431
0.639585
0.863028
-0.341259
-0.983580
-0.000005
0.984672
0.342025
-0.865906
-0.642436
0.641988
0.864110
-0.340838
-0.979906
0.000000
0.976102
0.338197
-0.854090
-0.632077
0.630061
0.845919
-0.332829
-0.954453
0.000005
0.945943
0.326910
-0.823488
-0.607871
0.604372
0.809347
-0.317608
-0.908461
-0.000004
0.895659
0.308725
-0.775600
-0.571002
0.566193
0.756176
-0.295940
-0.844167
0.000000
0.827690
0.284499
-0.712748
-0.523243
0.517366
0.688978
-0.268866
-0.764691
0.000004
0.745344
0.255424
-0.637978
-0.466926
0.460256
0.611024
-0.237691
-0.673897
-0.000003
0.652620
0.222922
-0.554938
-0.404785
0.397649
0.526109
-0.203950
-0.576198
-0.000008
0.554024
0.188552
-0.467656
-0.339843
0.332594
0.438348
-0.169273
-0.476342
-0.000004
0.454348
0.153995
-0.380373
-0.275264
0.268242
0.352012
-0.135344
-0.379182
-0.000002
0.358436
0.120931
-0.297326
-0.214165
0.207722
0.271296
-0.103803
-0.289436
0.000000
0.270949
0.090974
-0.222562
-0.159526
0.153975
0.200122
-0.076204
-0.211469
0.000001
0.196137
0.065562
-0.159708
-0.114005
0.109613
0.141952
-0.053876
-0.149068
0.000002
0.137636
0.045939
-0.111819
-0.079811
0.076788
0.099607
-0.037904
-0.105266
-0.000001
0.098291
0.033061
-0.081221
-0.058606
0.057104
0.075147
-0.029065
-0.082191
-0.000001
0.080012
0.027551
-0.069403
