#X #Y
0.000000 0.000000  
1.000000 0.078921  
2.000000 0.027551  
3.000000 -0.070361  
4.000000 -0.052847  
5.000000 0.053647  
6.000000 0.073594  
7.000000 -0.029678  
8.000000 -0.087489  
9.000000 0.000000  
10.000000 0.092361  
11.000000 0.033061  
12.000000 -0.086436  
13.000000 -0.066347  
14.000000 0.068707  
15.000000 0.095976  
16.000000 -0.039338  
17.000000 -0.117649  
18.000000 0.000000  
19.000000 0.127155  
20.000000 0.045939  
21.000000 -0.121036  
22.000000 -0.093490  
23.000000 0.097297  
24.000000 0.136420  
25.000000 -0.056061  
26.000000 -0.167934  
27.000000 0.000000  
28.000000 0.181613  
29.000000 0.065560  
30.000000 -0.172480  
31.000000 -0.132958  
32.000000 0.138026  
33.000000 0.192960  
34.000000 -0.079035  
35.000000 -0.235901  
36.000000 0.000000  
37.000000 0.253089  
38.000000 0.090970  
39.000000 -0.238268  
40.000000 -0.182833  
41.000000 0.188916  
42.000000 0.262850  
43.000000 -0.107143  
44.000000 -0.318248  
45.000000 -0.000000  
46.000000 0.338109  
47.000000 0.120934  
48.000000 -0.315204  
49.000000 -0.240690  
50.000000 0.247493  
51.000000 0.342692  
52.000000 -0.139021  
53.000000 -0.410972  
54.000000 0.000000  
55.000000 0.432541  
56.000000 0.153998  
57.000000 -0.399547  
58.000000 -0.303720  
59.000000 0.310910  
60.000000 0.428607  
61.000000 -0.173116  
62.000000 -0.509568  
63.000000 -0.000001  
64.000000 0.531796  
65.000000 0.188553  
66.000000 -0.487200  
67.000000 -0.368859  
68.000000 0.376086  
69.000000 0.516418  
70.000000 -0.207778  
71.000000 -0.609244  
72.000000 0.000002  
73.000000 0.631052  
74.000000 0.222917  
75.000000 -0.573905  
76.000000 -0.432937  
77.000000 0.439856  
78.000000 0.601861  
79.000000 -0.241313  
80.000000 -0.705156  
81.000000 0.000000  
82.000000 0.725484  
83.000000 0.255428  
84.000000 -0.655445  
85.000000 -0.492847  
86.000000 0.499116  
87.000000 0.680782  
88.000000 -0.272097  
89.000000 -0.792644  
90.000000 -0.000002  
91.000000 0.810503  
92.000000 0.284496  
93.000000 -0.727858  
94.000000 -0.545671  
95.000000 0.550988  
96.000000 0.749343  
97.000000 -0.298633  
98.000000 -0.867455  
99.000000 -0.000004  
100.000000 0.881979  
101.000000 0.308725  
102.000000 -0.787630  
103.000000 -0.588855  
104.000000 0.592957  
105.000000 0.804222  
106.000000 -0.319638  
107.000000 -0.925957  
108.000000 0.000000  
109.000000 0.936436  
110.000000 0.326915  
111.000000 -0.831852  
112.000000 -0.620281  
113.000000 0.622980  
114.000000 0.842739  
115.000000 -0.334085  
116.000000 -0.965302  
117.000000 0.000005  
118.000000 0.971231  
119.000000 0.338193  
120.000000 -0.858369  
121.000000 -0.638431  
122.000000 0.639585  
123.000000 0.863028  
124.000000 -0.341259  
125.000000 -0.983580  
126.000000 -0.000005  
127.000000 0.984672  
128.000000 0.342025  
129.000000 -0.865906  
130.000000 -0.642436  
131.000000 0.641988  
132.000000 0.864110  
133.000000 -0.340838  
134.000000 -0.979906  
135.000000 0.000000  
136.000000 0.976102  
137.000000 0.338197  
138.000000 -0.854090  
139.000000 -0.632077  
140.000000 0.630061  
141.000000 0.845919  
142.000000 -0.332829  
143.000000 -0.954453  
144.000000 0.000005  
145.000000 0.945943  
146.000000 0.326910  
147.000000 -0.823488  
148.000000 -0.607871  
149.000000 0.604372  
150.000000 0.809347  
151.000000 -0.317608  
152.000000 -0.908461  
153.000000 -0.000004  
154.000000 0.895659  
155.000000 0.308725  
156.000000 -0.775600  
157.000000 -0.571002  
158.000000 0.566193  
159.000000 0.756176  
160.000000 -0.295940  
161.000000 -0.844167  
162.000000 0.000000  
163.000000 0.827690  
164.000000 0.284499  
165.000000 -0.712748  
166.000000 -0.523243  
167.000000 0.517366  
168.000000 0.688978  
169.000000 -0.268866  
170.000000 -0.764691  
171.000000 0.000004  
172.000000 0.745344  
173.000000 0.255424  
174.000000 -0.637978  
175.000000 -0.466926  
176.000000 0.460256  
177.000000 0.611024  
178.000000 -0.237691  
179.000000 -0.673897  
180.000000 -0.000003  
181.000000 0.652620  
182.000000 0.222922  
183.000000 -0.554938  
184.000000 -0.404785  
185.000000 0.397649  
186.000000 0.526109  
187.000000 -0.203950  
188.000000 -0.576198  
189.000000 -0.000008  
190.000000 0.554024  
191.000000 0.188552  
192.000000 -0.467656  
193.000000 -0.339843  
194.000000 0.332594  
195.000000 0.438348  
196.000000 -0.169273  
197.000000 -0.476342  
198.000000 -0.000004  
199.000000 0.454348  
200.000000 0.153995  
201.000000 -0.380373  
202.000000 -0.275264  
203.000000 0.268242  
204.000000 0.352012  
205.000000 -0.135344  
206.000000 -0.379182  
207.000000 -0.000002  
208.000000 0.358436  
209.000000 0.120931  
210.000000 -0.297326  
211.000000 -0.214165  
212.000000 0.207722  
213.000000 0.271296  
214.000000 -0.103803  
215.000000 -0.289436  
216.000000 0.000000  
217.000000 0.270949  
218.000000 0.090974  
219.000000 -0.222562  
220.000000 -0.159526  
221.000000 0.153975  
222.000000 0.200122  
223.000000 -0.076204  
224.000000 -0.211469  
225.000000 0.000001  
226.000000 0.196137  
227.000000 0.065562  
228.000000 -0.159708  
229.000000 -0.114005  
230.000000 0.109613  
231.000000 0.141952  
232.000000 -0.053876  
233.000000 -0.149068  
234.000000 0.000002  
235.000000 0.137636  
236.000000 0.045939  
237.000000 -0.111819  
238.000000 -0.079811  
239.000000 0.076788  
240.000000 0.099607  
241.000000 -0.037904  
242.000000 -0.105266  
243.000000 -0.000001  
244.000000 0.098291  
245.000000 0.033061  
246.000000 -0.081221  
247.000000 -0.058606  
248.000000 0.057104  
249.000000 0.075147  
250.000000 -0.029065  
251.000000 -0.082191  
252.000000 -0.000001  
253.000000 0.080012  
254.000000 0.027551  
255.000000 -0.069403  
