0.000000
0.707107
1.000000
0.707107
-0.000000
-0.707107
-1.000000
-0.707107
0.000000
0.707107
1.000000
0.707107
-0.000000
-0.707107
-1.000000
-0.707107
0.000000
0.707107
1.000000
0.707107
0.000000
-0.707106
-1.000000
-0.707107
0.000000
0.707107
1.000000
0.707107
0.000001
-0.707107
-1.000000
-0.707107
0.000001
0.707106
1.000000
0.707107
-0.000000
-0.707107
-1.000000
-0.707107
-0.000001
0.707107
1.000000
0.707106
0.000001
-0.707108
-1.000000
-0.707106
0.000000
0.707106
1.000000
0.707107
-0.000001
-0.707107
-1.000000
-0.707106
-0.000001
0.707108
1.000000
0.707106
-0.000000
-0.707106
-1.000000
-0.707107
0.000001
0.707107
1.000000
0.707106
0.000001
-0.707108
-1.000000
-0.707106
0.000000
0.707106
1.000000
0.707107
-0.000001
-0.707107
-1.000000
-0.707106
-0.000001
0.707108
1.000000
0.707106
0.000004
-0.707106
-1.000000
-0.707105
-0.000002
0.707107
1.000000
0.707109
0.000001
-0.707108
-1.000000
-0.707108
0.000000
0.707108
1.000000
0.707107
-0.000001
-0.707109
-1.000000
-0.707106
0.000003
0.707105
1.000000
0.707106
0.000004
-0.707106
-1.000000
-0.707105
-0.000002
0.707107
1.000000
0.707109
0.000001
-0.707108
-1.000000
-0.707108
0.000000
0.707108
1.000000
0.707107
-0.000002
-0.707109
-1.000000
-0.707106
0.000003
0.707105
1.000000
0.707105
0.000004
-0.707106
-1.000000
-0.707105
-0.000002
0.707107
1.000000
0.707109
0.000001
-0.707108
-1.000000
-0.707108
0.000000
0.707109
1.000000
0.707107
-0.000002
-0.707109
-1.000000
-0.707106
0.000003
0.707105
1.000000
0.707105
0.000004
-0.707106
-1.000000
-0.707105
-0.000002
0.707107
1.000000
0.707109
0.000001
-0.707108
-1.000000
-0.707103
-0.000007
0.707103
1.000000
0.707107
-0.000002
-0.707110
-1.000000
-0.707112
-0.000005
0.707105
1.000000
0.707105
-0.000004
-0.707111
-1.000000
-0.707110
-0.000002
0.707107
1.000000
0.707104
-0.000007
-0.707102
-1.000000
-0.707108
0.000000
0.707109
1.000000
0.707102
0.000006
-0.707104
-1.000000
-0.707106
0.000003
0.707110
1.000000
0.707111
0.000003
-0.707106
-1.000000
-0.707104
0.000005
0.707101
1.000000
0.707109
0.000001
-0.707108
-1.000000
-0.707103
-0.000007
0.707103
1.000000
0.707107
-0.000002
-0.707110
-1.000000
-0.707112
-0.000005
0.707105
1.000000
0.707105
-0.000004
-0.707111
-1.000000
-0.707110
-0.000002
0.707107
1.000000
0.707104
-0.000007
-0.707102
-1.000000
-0.707108
0.000000
0.707109
1.000000
0.707102
0.000006
-0.707104
-1.000000
-0.707106
0.000003
0.707111
1.000000
0.707111
0.000003
-0.707106
-1.000000
-0.707104
