0.000000
0.056667
0.080554
0.057450
-0.000000
-0.059015
-0.084979
-0.061357
0.000000
0.064472
0.093786
0.068351
-0.000000
-0.072986
-0.106890
-0.078364
0.000000
0.084473
0.124165
0.091299
0.000000
-0.098825
-0.145445
-0.107033
0.000000
0.115903
0.170525
0.125413
0.000000
-0.135541
-0.199162
-0.146262
0.000000
0.157551
0.231083
0.169381
-0.000000
-0.181722
-0.265978
-0.194545
-0.000000
0.207819
0.303513
0.221513
0.000000
-0.235593
-0.343325
-0.250025
0.000000
0.264775
0.385031
0.279807
-0.000001
-0.295084
-0.428229
-0.310571
-0.000001
0.326229
0.472504
0.342021
-0.000000
-0.357909
-0.517429
-0.373855
0.000001
0.389820
0.562571
0.405766
0.000001
-0.421655
-0.607496
-0.437446
0.000000
0.453104
0.651771
0.468591
-0.000001
-0.483869
-0.694969
-0.498900
-0.000001
0.513651
0.736675
0.528081
0.000003
-0.542161
-0.776487
-0.555854
-0.000002
0.569130
0.814022
0.581955
0.000001
-0.594295
-0.848917
-0.606125
0.000000
0.617414
0.880838
0.628135
-0.000001
-0.638265
-0.909475
-0.647772
0.000003
0.656641
0.934555
0.664849
0.000003
-0.672375
-0.955835
-0.679200
-0.000002
0.685311
0.973110
0.690692
0.000001
-0.695325
-0.986214
-0.699205
0.000000
0.702320
0.995021
0.704661
-0.000002
-0.706228
-0.999446
-0.707008
0.000003
0.707007
0.999446
0.706224
0.000004
-0.704660
-0.995021
-0.702316
-0.000002
0.699203
0.986214
0.695326
0.000001
-0.690691
-0.973110
-0.685313
0.000000
0.679204
0.955835
0.672376
-0.000001
-0.664853
-0.934555
-0.656642
0.000003
0.647771
0.909475
0.638261
0.000003
-0.628134
-0.880838
-0.617411
-0.000002
0.606124
0.848917
0.594297
0.000001
-0.581954
-0.814022
-0.569127
-0.000006
0.555853
0.776487
0.542163
-0.000001
-0.528084
-0.736675
-0.513654
-0.000003
0.498899
0.694969
0.483868
-0.000003
-0.468594
-0.651771
-0.453107
-0.000001
0.437446
0.607496
0.421652
-0.000004
-0.405763
-0.562571
-0.389821
0.000000
0.373856
0.517429
0.357907
0.000003
-0.342020
-0.472504
-0.326229
0.000001
0.310572
0.428229
0.295086
0.000001
-0.279806
-0.385031
-0.264774
0.000002
0.250023
0.343325
0.235594
0.000000
-0.221513
-0.303513
-0.207818
-0.000002
0.194544
0.265978
0.181722
-0.000000
-0.169381
-0.231083
-0.157553
-0.000001
0.146262
0.199162
0.135541
-0.000001
-0.125414
-0.170525
-0.115903
-0.000000
0.107033
0.145445
0.098825
-0.000001
-0.091299
-0.124165
-0.084474
0.000000
0.078364
0.106890
0.072985
0.000001
-0.068351
-0.093786
-0.064472
0.000000
0.061358
0.084979
0.059015
0.000000
-0.057450
-0.080554
-0.056666
