#X #Y
0.000000 0.000000  
1.000000 0.707107  
2.000000 1.000000  
3.000000 0.707107  
4.000000 -0.000000  
5.000000 -0.707107  
6.000000 -1.000000  
7.000000 -0.707107  
8.000000 0.000000  
9.000000 0.707107  
10.000000 1.000000  
11.000000 0.707107  
12.000000 -0.000000  
13.000000 -0.707107  
14.000000 -1.000000  
15.000000 -0.707107  
16.000000 0.000000  
17.000000 0.707107  
18.000000 1.000000  
19.000000 0.707107  
20.000000 0.000000  
21.000000 -0.707106  
22.000000 -1.000000  
23.000000 -0.707107  
24.000000 0.000000  
25.000000 0.707107  
26.000000 1.000000  
27.000000 0.707107  
28.000000 0.000001  
29.000000 -0.707107  
30.000000 -1.000000  
31.000000 -0.707107  
32.000000 0.000001  
33.000000 0.707106  
34.000000 1.000000  
35.000000 0.707107  
36.000000 -0.000000  
37.000000 -0.707107  
38.000000 -1.000000  
39.000000 -0.707107  
40.000000 -0.000001  
41.000000 0.707107  
42.000000 1.000000  
43.000000 0.707106  
44.000000 0.000001  
45.000000 -0.707108  
46.000000 -1.000000  
47.000000 -0.707106  
48.000000 0.000000  
49.000000 0.707106  
50.000000 1.000000  
51.000000 0.707107  
52.000000 -0.000001  
53.000000 -0.707107  
54.000000 -1.000000  
55.000000 -0.707106  
56.000000 -0.000001  
57.000000 0.707108  
58.000000 1.000000  
59.000000 0.707106  
60.000000 -0.000000  
61.000000 -0.707106  
62.000000 -1.000000  
63.000000 -0.707107  
64.000000 0.000001  
65.000000 0.707107  
66.000000 1.000000  
67.000000 0.707106  
68.000000 0.000001  
69.000000 -0.707108  
70.000000 -1.000000  
71.000000 -0.707106  
72.000000 0.000000  
73.000000 0.707106  
74.000000 1.000000  
75.000000 0.707107  
76.000000 -0.000001  
77.000000 -0.707107  
78.000000 -1.000000  
79.000000 -0.707106  
80.000000 -0.000001  
81.000000 0.707108  
82.000000 1.000000  
83.000000 0.707106  
84.000000 0.000004  
85.000000 -0.707106  
86.000000 -1.000000  
87.000000 -0.707105  
88.000000 -0.000002  
89.000000 0.707107  
90.000000 1.000000  
91.000000 0.707109  
92.000000 0.000001  
93.000000 -0.707108  
94.000000 -1.000000  
95.000000 -0.707108  
96.000000 0.000000  
97.000000 0.707108  
98.000000 1.000000  
99.000000 0.707107  
100.000000 -0.000001  
101.000000 -0.707109  
102.000000 -1.000000  
103.000000 -0.707106  
104.000000 0.000003  
105.000000 0.707105  
106.000000 1.000000  
107.000000 0.707106  
108.000000 0.000004  
109.000000 -0.707106  
110.000000 -1.000000  
111.000000 -0.707105  
112.000000 -0.000002  
113.000000 0.707107  
114.000000 1.000000  
115.000000 0.707109  
116.000000 0.000001  
117.000000 -0.707108  
118.000000 -1.000000  
119.000000 -0.707108  
120.000000 0.000000  
121.000000 0.707108  
122.000000 1.000000  
123.000000 0.707107  
124.000000 -0.000002  
125.000000 -0.707109  
126.000000 -1.000000  
127.000000 -0.707106  
128.000000 0.000003  
129.000000 0.707105  
130.000000 1.000000  
131.000000 0.707105  
132.000000 0.000004  
133.000000 -0.707106  
134.000000 -1.000000  
135.000000 -0.707105  
136.000000 -0.000002  
137.000000 0.707107  
138.000000 1.000000  
139.000000 0.707109  
140.000000 0.000001  
141.000000 -0.707108  
142.000000 -1.000000  
143.000000 -0.707108  
144.000000 0.000000  
145.000000 0.707109  
146.000000 1.000000  
147.000000 0.707107  
148.000000 -0.000002  
149.000000 -0.707109  
150.000000 -1.000000  
151.000000 -0.707106  
152.000000 0.000003  
153.000000 0.707105  
154.000000 1.000000  
155.000000 0.707105  
156.000000 0.000004  
157.000000 -0.707106  
158.000000 -1.000000  
159.000000 -0.707105  
160.000000 -0.000002  
161.000000 0.707107  
162.000000 1.000000  
163.000000 0.707109  
164.000000 0.000001  
165.000000 -0.707108  
166.000000 -1.000000  
167.000000 -0.707103  
168.000000 -0.000007  
169.000000 0.707103  
170.000000 1.000000  
171.000000 0.707107  
172.000000 -0.000002  
173.000000 -0.707110  
174.000000 -1.000000  
175.000000 -0.707112  
176.000000 -0.000005  
177.000000 0.707105  
178.000000 1.000000  
179.000000 0.707105  
180.000000 -0.000004  
181.000000 -0.707111  
182.000000 -1.000000  
183.000000 -0.707110  
184.000000 -0.000002  
185.000000 0.707107  
186.000000 1.000000  
187.000000 0.707104  
188.000000 -0.000007  
189.000000 -0.707102  
190.000000 -1.000000  
191.000000 -0.707108  
192.000000 0.000000  
193.000000 0.707109  
194.000000 1.000000  
195.000000 0.707102  
196.000000 0.000006  
197.000000 -0.707104  
198.000000 -1.000000  
199.000000 -0.707106  
200.000000 0.000003  
201.000000 0.707110  
202.000000 1.000000  
203.000000 0.707111  
204.000000 0.000003  
205.000000 -0.707106  
206.000000 -1.000000  
207.000000 -0.707104  
208.000000 0.000005  
209.000000 0.707101  
210.000000 1.000000  
211.000000 0.707109  
212.000000 0.000001  
213.000000 -0.707108  
214.000000 -1.000000  
215.000000 -0.707103  
216.000000 -0.000007  
217.000000 0.707103  
218.000000 1.000000  
219.000000 0.707107  
220.000000 -0.000002  
221.000000 -0.707110  
222.000000 -1.000000  
223.000000 -0.707112  
224.000000 -0.000005  
225.000000 0.707105  
226.000000 1.000000  
227.000000 0.707105  
228.000000 -0.000004  
229.000000 -0.707111  
230.000000 -1.000000  
231.000000 -0.707110  
232.000000 -0.000002  
233.000000 0.707107  
234.000000 1.000000  
235.000000 0.707104  
236.000000 -0.000007  
237.000000 -0.707102  
238.000000 -1.000000  
239.000000 -0.707108  
240.000000 0.000000  
241.000000 0.707109  
242.000000 1.000000  
243.000000 0.707102  
244.000000 0.000006  
245.000000 -0.707104  
246.000000 -1.000000  
247.000000 -0.707106  
248.000000 0.000003  
249.000000 0.707111  
250.000000 1.000000  
251.000000 0.707111  
252.000000 0.000003  
253.000000 -0.707106  
254.000000 -1.000000  
255.000000 -0.707104  
